[1, 2, 4, 8, 16, 32, 64, 128, 256, 512]
[3, 5, 9, 17, 33, 65, 129, 257, 513]
[3, 6, 10, 18, 34, 66, 130, 258, 514]
[2, 1, 7, 11, 19, 35, 67, 131, 259, 515]
[5, 6, 12, 20, 36, 68, 132, 260, 516]
[4, 7, 1, 13, 21, 37, 69, 133, 261, 517]
[7, 4, 2, 14, 22, 38, 70, 134, 262, 518]
[6, 5, 3, 15, 23, 39, 71, 135, 263, 519]
[9, 10, 12, 24, 40, 72, 136, 264, 520]
[8, 11, 13, 1, 25, 41, 73, 137, 265, 521]
[11, 8, 14, 2, 26, 42, 74, 138, 266, 522]
[10, 9, 15, 3, 27, 43, 75, 139, 267, 523]
[13, 14, 8, 4, 28, 44, 76, 140, 268, 524]
[12, 15, 9, 5, 29, 45, 77, 141, 269, 525]
[15, 12, 10, 6, 30, 46, 78, 142, 270, 526]
[14, 13, 11, 7, 31, 47, 79, 143, 271, 527]
[17, 18, 20, 24, 48, 80, 144, 272, 528]
[16, 19, 21, 25, 1, 49, 81, 145, 273, 529]
[19, 16, 22, 26, 2, 50, 82, 146, 274, 530]
[18, 17, 23, 27, 3, 51, 83, 147, 275, 531]
[21, 22, 16, 28, 4, 52, 84, 148, 276, 532]
[20, 23, 17, 29, 5, 53, 85, 149, 277, 533]
[23, 20, 18, 30, 6, 54, 86, 150, 278, 534]
[22, 21, 19, 31, 7, 55, 87, 151, 279, 535]
[25, 26, 28, 16, 8, 56, 88, 152, 280, 536]
[24, 27, 29, 17, 9, 57, 89, 153, 281, 537]
[27, 24, 30, 18, 10, 58, 90, 154, 282, 538]
[26, 25, 31, 19, 11, 59, 91, 155, 283, 539]
[29, 30, 24, 20, 12, 60, 92, 156, 284, 540]
[28, 31, 25, 21, 13, 61, 93, 157, 285, 541]
[31, 28, 26, 22, 14, 62, 94, 158, 286, 542]
[30, 29, 27, 23, 15, 63, 95, 159, 287, 543]
[33, 34, 36, 40, 48, 96, 160, 288, 544]
[32, 35, 37, 41, 49, 1, 97, 161, 289, 545]
[35, 32, 38, 42, 50, 2, 98, 162, 290, 546]
[34, 33, 39, 43, 51, 3, 99, 163, 291, 547]
[37, 38, 32, 44, 52, 4, 100, 164, 292, 548]
[36, 39, 33, 45, 53, 5, 101, 165, 293, 549]
[39, 36, 34, 46, 54, 6, 102, 166, 294, 550]
[38, 37, 35, 47, 55, 7, 103, 167, 295, 551]
[41, 42, 44, 32, 56, 8, 104, 168, 296, 552]
[40, 43, 45, 33, 57, 9, 105, 169, 297, 553]
[43, 40, 46, 34, 58, 10, 106, 170, 298, 554]
[42, 41, 47, 35, 59, 11, 107, 171, 299, 555]
[45, 46, 40, 36, 60, 12, 108, 172, 300, 556]
[44, 47, 41, 37, 61, 13, 109, 173, 301, 557]
[47, 44, 42, 38, 62, 14, 110, 174, 302, 558]
[46, 45, 43, 39, 63, 15, 111, 175, 303, 559]
[49, 50, 52, 56, 32, 16, 112, 176, 304, 560]
[48, 51, 53, 57, 33, 17, 113, 177, 305, 561]
[51, 48, 54, 58, 34, 18, 114, 178, 306, 562]
[50, 49, 55, 59, 35, 19, 115, 179, 307, 563]
[53, 54, 48, 60, 36, 20, 116, 180, 308, 564]
[52, 55, 49, 61, 37, 21, 117, 181, 309, 565]
[55, 52, 50, 62, 38, 22, 118, 182, 310, 566]
[54, 53, 51, 63, 39, 23, 119, 183, 311, 567]
[57, 58, 60, 48, 40, 24, 120, 184, 312, 568]
[56, 59, 61, 49, 41, 25, 121, 185, 313, 569]
[59, 56, 62, 50, 42, 26, 122, 186, 314, 570]
[58, 57, 63, 51, 43, 27, 123, 187, 315, 571]
[61, 62, 56, 52, 44, 28, 124, 188, 316, 572]
[60, 63, 57, 53, 45, 29, 125, 189, 317, 573]
[63, 60, 58, 54, 46, 30, 126, 190, 318, 574]
[62, 61, 59, 55, 47, 31, 127, 191, 319, 575]
[65, 66, 68, 72, 80, 96, 192, 320, 576]
[64, 67, 69, 73, 81, 97, 1, 193, 321, 577]
[67, 64, 70, 74, 82, 98, 2, 194, 322, 578]
[66, 65, 71, 75, 83, 99, 3, 195, 323, 579]
[69, 70, 64, 76, 84, 100, 4, 196, 324, 580]
[68, 71, 65, 77, 85, 101, 5, 197, 325, 581]
[71, 68, 66, 78, 86, 102, 6, 198, 326, 582]
[70, 69, 67, 79, 87, 103, 7, 199, 327, 583]
[73, 74, 76, 64, 88, 104, 8, 200, 328, 584]
[72, 75, 77, 65, 89, 105, 9, 201, 329, 585]
[75, 72, 78, 66, 90, 106, 10, 202, 330, 586]
[74, 73, 79, 67, 91, 107, 11, 203, 331, 587]
[77, 78, 72, 68, 92, 108, 12, 204, 332, 588]
[76, 79, 73, 69, 93, 109, 13, 205, 333, 589]
[79, 76, 74, 70, 94, 110, 14, 206, 334, 590]
[78, 77, 75, 71, 95, 111, 15, 207, 335, 591]
[81, 82, 84, 88, 64, 112, 16, 208, 336, 592]
[80, 83, 85, 89, 65, 113, 17, 209, 337, 593]
[83, 80, 86, 90, 66, 114, 18, 210, 338, 594]
[82, 81, 87, 91, 67, 115, 19, 211, 339, 595]
[85, 86, 80, 92, 68, 116, 20, 212, 340, 596]
[84, 87, 81, 93, 69, 117, 21, 213, 341, 597]
[87, 84, 82, 94, 70, 118, 22, 214, 342, 598]
[86, 85, 83, 95, 71, 119, 23, 215, 343, 599]
[89, 90, 92, 80, 72, 120, 24, 216, 344, 600]
[88, 91, 93, 81, 73, 121, 25, 217, 345, 601]
[91, 88, 94, 82, 74, 122, 26, 218, 346, 602]
[90, 89, 95, 83, 75, 123, 27, 219, 347, 603]
[93, 94, 88, 84, 76, 124, 28, 220, 348, 604]
[92, 95, 89, 85, 77, 125, 29, 221, 349, 605]
[95, 92, 90, 86, 78, 126, 30, 222, 350, 606]
[94, 93, 91, 87, 79, 127, 31, 223, 351, 607]
[97, 98, 100, 104, 112, 64, 32, 224, 352, 608]
[96, 99, 101, 105, 113, 65, 33, 225, 353, 609]
[99, 96, 102, 106, 114, 66, 34, 226, 354, 610]
[98, 97, 103, 107, 115, 67, 35, 227, 355, 611]
[101, 102, 96, 108, 116, 68, 36, 228, 356, 612]
[100, 103, 97, 109, 117, 69, 37, 229, 357, 613]
[103, 100, 98, 110, 118, 70, 38, 230, 358, 614]
[102, 101, 99, 111, 119, 71, 39, 231, 359, 615]
[105, 106, 108, 96, 120, 72, 40, 232, 360, 616]
[104, 107, 109, 97, 121, 73, 41, 233, 361, 617]
[107, 104, 110, 98, 122, 74, 42, 234, 362, 618]
[106, 105, 111, 99, 123, 75, 43, 235, 363, 619]
[109, 110, 104, 100, 124, 76, 44, 236, 364, 620]
[108, 111, 105, 101, 125, 77, 45, 237, 365, 621]
[111, 108, 106, 102, 126, 78, 46, 238, 366, 622]
[110, 109, 107, 103, 127, 79, 47, 239, 367, 623]
[113, 114, 116, 120, 96, 80, 48, 240, 368, 624]
[112, 115, 117, 121, 97, 81, 49, 241, 369, 625]
[115, 112, 118, 122, 98, 82, 50, 242, 370, 626]
[114, 113, 119, 123, 99, 83, 51, 243, 371, 627]
[117, 118, 112, 124, 100, 84, 52, 244, 372, 628]
[116, 119, 113, 125, 101, 85, 53, 245, 373, 629]
[119, 116, 114, 126, 102, 86, 54, 246, 374, 630]
[118, 117, 115, 127, 103, 87, 55, 247, 375, 631]
[121, 122, 124, 112, 104, 88, 56, 248, 376, 632]
[120, 123, 125, 113, 105, 89, 57, 249, 377, 633]
[123, 120, 126, 114, 106, 90, 58, 250, 378, 634]
[122, 121, 127, 115, 107, 91, 59, 251, 379, 635]
[125, 126, 120, 116, 108, 92, 60, 252, 380, 636]
[124, 127, 121, 117, 109, 93, 61, 253, 381, 637]
[127, 124, 122, 118, 110, 94, 62, 254, 382, 638]
[126, 125, 123, 119, 111, 95, 63, 255, 383, 639]
[129, 130, 132, 136, 144, 160, 192, 384, 640]
[128, 131, 133, 137, 145, 161, 193, 1, 385, 641]
[131, 128, 134, 138, 146, 162, 194, 2, 386, 642]
[130, 129, 135, 139, 147, 163, 195, 3, 387, 643]
[133, 134, 128, 140, 148, 164, 196, 4, 388, 644]
[132, 135, 129, 141, 149, 165, 197, 5, 389, 645]
[135, 132, 130, 142, 150, 166, 198, 6, 390, 646]
[134, 133, 131, 143, 151, 167, 199, 7, 391, 647]
[137, 138, 140, 128, 152, 168, 200, 8, 392, 648]
[136, 139, 141, 129, 153, 169, 201, 9, 393, 649]
[139, 136, 142, 130, 154, 170, 202, 10, 394, 650]
[138, 137, 143, 131, 155, 171, 203, 11, 395, 651]
[141, 142, 136, 132, 156, 172, 204, 12, 396, 652]
[140, 143, 137, 133, 157, 173, 205, 13, 397, 653]
[143, 140, 138, 134, 158, 174, 206, 14, 398, 654]
[142, 141, 139, 135, 159, 175, 207, 15, 399, 655]
[145, 146, 148, 152, 128, 176, 208, 16, 400, 656]
[144, 147, 149, 153, 129, 177, 209, 17, 401, 657]
[147, 144, 150, 154, 130, 178, 210, 18, 402, 658]
[146, 145, 151, 155, 131, 179, 211, 19, 403, 659]
[149, 150, 144, 156, 132, 180, 212, 20, 404, 660]
[148, 151, 145, 157, 133, 181, 213, 21, 405, 661]
[151, 148, 146, 158, 134, 182, 214, 22, 406, 662]
[150, 149, 147, 159, 135, 183, 215, 23, 407, 663]
[153, 154, 156, 144, 136, 184, 216, 24, 408, 664]
[152, 155, 157, 145, 137, 185, 217, 25, 409, 665]
[155, 152, 158, 146, 138, 186, 218, 26, 410, 666]
[154, 153, 159, 147, 139, 187, 219, 27, 411, 667]
[157, 158, 152, 148, 140, 188, 220, 28, 412, 668]
[156, 159, 153, 149, 141, 189, 221, 29, 413, 669]
[159, 156, 154, 150, 142, 190, 222, 30, 414, 670]
[158, 157, 155, 151, 143, 191, 223, 31, 415, 671]
[161, 162, 164, 168, 176, 128, 224, 32, 416, 672]
[160, 163, 165, 169, 177, 129, 225, 33, 417, 673]
[163, 160, 166, 170, 178, 130, 226, 34, 418, 674]
[162, 161, 167, 171, 179, 131, 227, 35, 419, 675]
[165, 166, 160, 172, 180, 132, 228, 36, 420, 676]
[164, 167, 161, 173, 181, 133, 229, 37, 421, 677]
[167, 164, 162, 174, 182, 134, 230, 38, 422, 678]
[166, 165, 163, 175, 183, 135, 231, 39, 423, 679]
[169, 170, 172, 160, 184, 136, 232, 40, 424, 680]
[168, 171, 173, 161, 185, 137, 233, 41, 425, 681]
[171, 168, 174, 162, 186, 138, 234, 42, 426, 682]
[170, 169, 175, 163, 187, 139, 235, 43, 427, 683]
[173, 174, 168, 164, 188, 140, 236, 44, 428, 684]
[172, 175, 169, 165, 189, 141, 237, 45, 429, 685]
[175, 172, 170, 166, 190, 142, 238, 46, 430, 686]
[174, 173, 171, 167, 191, 143, 239, 47, 431, 687]
[177, 178, 180, 184, 160, 144, 240, 48, 432, 688]
[176, 179, 181, 185, 161, 145, 241, 49, 433, 689]
[179, 176, 182, 186, 162, 146, 242, 50, 434, 690]
[178, 177, 183, 187, 163, 147, 243, 51, 435, 691]
[181, 182, 176, 188, 164, 148, 244, 52, 436, 692]
[180, 183, 177, 189, 165, 149, 245, 53, 437, 693]
[183, 180, 178, 190, 166, 150, 246, 54, 438, 694]
[182, 181, 179, 191, 167, 151, 247, 55, 439, 695]
[185, 186, 188, 176, 168, 152, 248, 56, 440, 696]
[184, 187, 189, 177, 169, 153, 249, 57, 441, 697]
[187, 184, 190, 178, 170, 154, 250, 58, 442, 698]
[186, 185, 191, 179, 171, 155, 251, 59, 443, 699]
[189, 190, 184, 180, 172, 156, 252, 60, 444, 700]
[188, 191, 185, 181, 173, 157, 253, 61, 445, 701]
[191, 188, 186, 182, 174, 158, 254, 62, 446, 702]
[190, 189, 187, 183, 175, 159, 255, 63, 447, 703]
[193, 194, 196, 200, 208, 224, 128, 64, 448, 704]
[192, 195, 197, 201, 209, 225, 129, 65, 449, 705]
[195, 192, 198, 202, 210, 226, 130, 66, 450, 706]
[194, 193, 199, 203, 211, 227, 131, 67, 451, 707]
[197, 198, 192, 204, 212, 228, 132, 68, 452, 708]
[196, 199, 193, 205, 213, 229, 133, 69, 453, 709]
[199, 196, 194, 206, 214, 230, 134, 70, 454, 710]
[198, 197, 195, 207, 215, 231, 135, 71, 455, 711]
[201, 202, 204, 192, 216, 232, 136, 72, 456, 712]
[200, 203, 205, 193, 217, 233, 137, 73, 457, 713]
[203, 200, 206, 194, 218, 234, 138, 74, 458, 714]
[202, 201, 207, 195, 219, 235, 139, 75, 459, 715]
[205, 206, 200, 196, 220, 236, 140, 76, 460, 716]
[204, 207, 201, 197, 221, 237, 141, 77, 461, 717]
[207, 204, 202, 198, 222, 238, 142, 78, 462, 718]
[206, 205, 203, 199, 223, 239, 143, 79, 463, 719]
[209, 210, 212, 216, 192, 240, 144, 80, 464, 720]
[208, 211, 213, 217, 193, 241, 145, 81, 465, 721]
[211, 208, 214, 218, 194, 242, 146, 82, 466, 722]
[210, 209, 215, 219, 195, 243, 147, 83, 467, 723]
[213, 214, 208, 220, 196, 244, 148, 84, 468, 724]
[212, 215, 209, 221, 197, 245, 149, 85, 469, 725]
[215, 212, 210, 222, 198, 246, 150, 86, 470, 726]
[214, 213, 211, 223, 199, 247, 151, 87, 471, 727]
[217, 218, 220, 208, 200, 248, 152, 88, 472, 728]
[216, 219, 221, 209, 201, 249, 153, 89, 473, 729]
[219, 216, 222, 210, 202, 250, 154, 90, 474, 730]
[218, 217, 223, 211, 203, 251, 155, 91, 475, 731]
[221, 222, 216, 212, 204, 252, 156, 92, 476, 732]
[220, 223, 217, 213, 205, 253, 157, 93, 477, 733]
[223, 220, 218, 214, 206, 254, 158, 94, 478, 734]
[222, 221, 219, 215, 207, 255, 159, 95, 479, 735]
[225, 226, 228, 232, 240, 192, 160, 96, 480, 736]
[224, 227, 229, 233, 241, 193, 161, 97, 481, 737]
[227, 224, 230, 234, 242, 194, 162, 98, 482, 738]
[226, 225, 231, 235, 243, 195, 163, 99, 483, 739]
[229, 230, 224, 236, 244, 196, 164, 100, 484, 740]
[228, 231, 225, 237, 245, 197, 165, 101, 485, 741]
[231, 228, 226, 238, 246, 198, 166, 102, 486, 742]
[230, 229, 227, 239, 247, 199, 167, 103, 487, 743]
[233, 234, 236, 224, 248, 200, 168, 104, 488, 744]
[232, 235, 237, 225, 249, 201, 169, 105, 489, 745]
[235, 232, 238, 226, 250, 202, 170, 106, 490, 746]
[234, 233, 239, 227, 251, 203, 171, 107, 491, 747]
[237, 238, 232, 228, 252, 204, 172, 108, 492, 748]
[236, 239, 233, 229, 253, 205, 173, 109, 493, 749]
[239, 236, 234, 230, 254, 206, 174, 110, 494, 750]
[238, 237, 235, 231, 255, 207, 175, 111, 495, 751]
[241, 242, 244, 248, 224, 208, 176, 112, 496, 752]
[240, 243, 245, 249, 225, 209, 177, 113, 497, 753]
[243, 240, 246, 250, 226, 210, 178, 114, 498, 754]
[242, 241, 247, 251, 227, 211, 179, 115, 499, 755]
[245, 246, 240, 252, 228, 212, 180, 116, 500, 756]
[244, 247, 241, 253, 229, 213, 181, 117, 501, 757]
[247, 244, 242, 254, 230, 214, 182, 118, 502, 758]
[246, 245, 243, 255, 231, 215, 183, 119, 503, 759]
[249, 250, 252, 240, 232, 216, 184, 120, 504, 760]
[248, 251, 253, 241, 233, 217, 185, 121, 505, 761]
[251, 248, 254, 242, 234, 218, 186, 122, 506, 762]
[250, 249, 255, 243, 235, 219, 187, 123, 507, 763]
[253, 254, 248, 244, 236, 220, 188, 124, 508, 764]
[252, 255, 249, 245, 237, 221, 189, 125, 509, 765]
[255, 252, 250, 246, 238, 222, 190, 126, 510, 766]
[254, 253, 251, 247, 239, 223, 191, 127, 511, 767]
[257, 258, 260, 264, 272, 288, 320, 384, 768]
[256, 259, 261, 265, 273, 289, 321, 385, 1, 769]
[259, 256, 262, 266, 274, 290, 322, 386, 2, 770]
[258, 257, 263, 267, 275, 291, 323, 387, 3, 771]
[261, 262, 256, 268, 276, 292, 324, 388, 4, 772]
[260, 263, 257, 269, 277, 293, 325, 389, 5, 773]
[263, 260, 258, 270, 278, 294, 326, 390, 6, 774]
[262, 261, 259, 271, 279, 295, 327, 391, 7, 775]
[265, 266, 268, 256, 280, 296, 328, 392, 8, 776]
[264, 267, 269, 257, 281, 297, 329, 393, 9, 777]
[267, 264, 270, 258, 282, 298, 330, 394, 10, 778]
[266, 265, 271, 259, 283, 299, 331, 395, 11, 779]
[269, 270, 264, 260, 284, 300, 332, 396, 12, 780]
[268, 271, 265, 261, 285, 301, 333, 397, 13, 781]
[271, 268, 266, 262, 286, 302, 334, 398, 14, 782]
[270, 269, 267, 263, 287, 303, 335, 399, 15, 783]
[273, 274, 276, 280, 256, 304, 336, 400, 16, 784]
[272, 275, 277, 281, 257, 305, 337, 401, 17, 785]
[275, 272, 278, 282, 258, 306, 338, 402, 18, 786]
[274, 273, 279, 283, 259, 307, 339, 403, 19, 787]
[277, 278, 272, 284, 260, 308, 340, 404, 20, 788]
[276, 279, 273, 285, 261, 309, 341, 405, 21, 789]
[279, 276, 274, 286, 262, 310, 342, 406, 22, 790]
[278, 277, 275, 287, 263, 311, 343, 407, 23, 791]
[281, 282, 284, 272, 264, 312, 344, 408, 24, 792]
[280, 283, 285, 273, 265, 313, 345, 409, 25, 793]
[283, 280, 286, 274, 266, 314, 346, 410, 26, 794]
[282, 281, 287, 275, 267, 315, 347, 411, 27, 795]
[285, 286, 280, 276, 268, 316, 348, 412, 28, 796]
[284, 287, 281, 277, 269, 317, 349, 413, 29, 797]
[287, 284, 282, 278, 270, 318, 350, 414, 30, 798]
[286, 285, 283, 279, 271, 319, 351, 415, 31, 799]
[289, 290, 292, 296, 304, 256, 352, 416, 32, 800]
[288, 291, 293, 297, 305, 257, 353, 417, 33, 801]
[291, 288, 294, 298, 306, 258, 354, 418, 34, 802]
[290, 289, 295, 299, 307, 259, 355, 419, 35, 803]
[293, 294, 288, 300, 308, 260, 356, 420, 36, 804]
[292, 295, 289, 301, 309, 261, 357, 421, 37, 805]
[295, 292, 290, 302, 310, 262, 358, 422, 38, 806]
[294, 293, 291, 303, 311, 263, 359, 423, 39, 807]
[297, 298, 300, 288, 312, 264, 360, 424, 40, 808]
[296, 299, 301, 289, 313, 265, 361, 425, 41, 809]
[299, 296, 302, 290, 314, 266, 362, 426, 42, 810]
[298, 297, 303, 291, 315, 267, 363, 427, 43, 811]
[301, 302, 296, 292, 316, 268, 364, 428, 44, 812]
[300, 303, 297, 293, 317, 269, 365, 429, 45, 813]
[303, 300, 298, 294, 318, 270, 366, 430, 46, 814]
[302, 301, 299, 295, 319, 271, 367, 431, 47, 815]
[305, 306, 308, 312, 288, 272, 368, 432, 48, 816]
[304, 307, 309, 313, 289, 273, 369, 433, 49, 817]
[307, 304, 310, 314, 290, 274, 370, 434, 50, 818]
[306, 305, 311, 315, 291, 275, 371, 435, 51, 819]
[309, 310, 304, 316, 292, 276, 372, 436, 52, 820]
[308, 311, 305, 317, 293, 277, 373, 437, 53, 821]
[311, 308, 306, 318, 294, 278, 374, 438, 54, 822]
[310, 309, 307, 319, 295, 279, 375, 439, 55, 823]
[313, 314, 316, 304, 296, 280, 376, 440, 56, 824]
[312, 315, 317, 305, 297, 281, 377, 441, 57, 825]
[315, 312, 318, 306, 298, 282, 378, 442, 58, 826]
[314, 313, 319, 307, 299, 283, 379, 443, 59, 827]
[317, 318, 312, 308, 300, 284, 380, 444, 60, 828]
[316, 319, 313, 309, 301, 285, 381, 445, 61, 829]
[319, 316, 314, 310, 302, 286, 382, 446, 62, 830]
[318, 317, 315, 311, 303, 287, 383, 447, 63, 831]
[321, 322, 324, 328, 336, 352, 256, 448, 64, 832]
[320, 323, 325, 329, 337, 353, 257, 449, 65, 833]
[323, 320, 326, 330, 338, 354, 258, 450, 66, 834]
[322, 321, 327, 331, 339, 355, 259, 451, 67, 835]
[325, 326, 320, 332, 340, 356, 260, 452, 68, 836]
[324, 327, 321, 333, 341, 357, 261, 453, 69, 837]
[327, 324, 322, 334, 342, 358, 262, 454, 70, 838]
[326, 325, 323, 335, 343, 359, 263, 455, 71, 839]
[329, 330, 332, 320, 344, 360, 264, 456, 72, 840]
[328, 331, 333, 321, 345, 361, 265, 457, 73, 841]
[331, 328, 334, 322, 346, 362, 266, 458, 74, 842]
[330, 329, 335, 323, 347, 363, 267, 459, 75, 843]
[333, 334, 328, 324, 348, 364, 268, 460, 76, 844]
[332, 335, 329, 325, 349, 365, 269, 461, 77, 845]
[335, 332, 330, 326, 350, 366, 270, 462, 78, 846]
[334, 333, 331, 327, 351, 367, 271, 463, 79, 847]
[337, 338, 340, 344, 320, 368, 272, 464, 80, 848]
[336, 339, 341, 345, 321, 369, 273, 465, 81, 849]
[339, 336, 342, 346, 322, 370, 274, 466, 82, 850]
[338, 337, 343, 347, 323, 371, 275, 467, 83, 851]
[341, 342, 336, 348, 324, 372, 276, 468, 84, 852]
[340, 343, 337, 349, 325, 373, 277, 469, 85, 853]
[343, 340, 338, 350, 326, 374, 278, 470, 86, 854]
[342, 341, 339, 351, 327, 375, 279, 471, 87, 855]
[345, 346, 348, 336, 328, 376, 280, 472, 88, 856]
[344, 347, 349, 337, 329, 377, 281, 473, 89, 857]
[347, 344, 350, 338, 330, 378, 282, 474, 90, 858]
[346, 345, 351, 339, 331, 379, 283, 475, 91, 859]
[349, 350, 344, 340, 332, 380, 284, 476, 92, 860]
[348, 351, 345, 341, 333, 381, 285, 477, 93, 861]
[351, 348, 346, 342, 334, 382, 286, 478, 94, 862]
[350, 349, 347, 343, 335, 383, 287, 479, 95, 863]
[353, 354, 356, 360, 368, 320, 288, 480, 96, 864]
[352, 355, 357, 361, 369, 321, 289, 481, 97, 865]
[355, 352, 358, 362, 370, 322, 290, 482, 98, 866]
[354, 353, 359, 363, 371, 323, 291, 483, 99, 867]
[357, 358, 352, 364, 372, 324, 292, 484, 100, 868]
[356, 359, 353, 365, 373, 325, 293, 485, 101, 869]
[359, 356, 354, 366, 374, 326, 294, 486, 102, 870]
[358, 357, 355, 367, 375, 327, 295, 487, 103, 871]
[361, 362, 364, 352, 376, 328, 296, 488, 104, 872]
[360, 363, 365, 353, 377, 329, 297, 489, 105, 873]
[363, 360, 366, 354, 378, 330, 298, 490, 106, 874]
[362, 361, 367, 355, 379, 331, 299, 491, 107, 875]
[365, 366, 360, 356, 380, 332, 300, 492, 108, 876]
[364, 367, 361, 357, 381, 333, 301, 493, 109, 877]
[367, 364, 362, 358, 382, 334, 302, 494, 110, 878]
[366, 365, 363, 359, 383, 335, 303, 495, 111, 879]
[369, 370, 372, 376, 352, 336, 304, 496, 112, 880]
[368, 371, 373, 377, 353, 337, 305, 497, 113, 881]
[371, 368, 374, 378, 354, 338, 306, 498, 114, 882]
[370, 369, 375, 379, 355, 339, 307, 499, 115, 883]
[373, 374, 368, 380, 356, 340, 308, 500, 116, 884]
[372, 375, 369, 381, 357, 341, 309, 501, 117, 885]
[375, 372, 370, 382, 358, 342, 310, 502, 118, 886]
[374, 373, 371, 383, 359, 343, 311, 503, 119, 887]
[377, 378, 380, 368, 360, 344, 312, 504, 120, 888]
[376, 379, 381, 369, 361, 345, 313, 505, 121, 889]
[379, 376, 382, 370, 362, 346, 314, 506, 122, 890]
[378, 377, 383, 371, 363, 347, 315, 507, 123, 891]
[381, 382, 376, 372, 364, 348, 316, 508, 124, 892]
[380, 383, 377, 373, 365, 349, 317, 509, 125, 893]
[383, 380, 378, 374, 366, 350, 318, 510, 126, 894]
[382, 381, 379, 375, 367, 351, 319, 511, 127, 895]
[385, 386, 388, 392, 400, 416, 448, 256, 128, 896]
[384, 387, 389, 393, 401, 417, 449, 257, 129, 897]
[387, 384, 390, 394, 402, 418, 450, 258, 130, 898]
[386, 385, 391, 395, 403, 419, 451, 259, 131, 899]
[389, 390, 384, 396, 404, 420, 452, 260, 132, 900]
[388, 391, 385, 397, 405, 421, 453, 261, 133, 901]
[391, 388, 386, 398, 406, 422, 454, 262, 134, 902]
[390, 389, 387, 399, 407, 423, 455, 263, 135, 903]
[393, 394, 396, 384, 408, 424, 456, 264, 136, 904]
[392, 395, 397, 385, 409, 425, 457, 265, 137, 905]
[395, 392, 398, 386, 410, 426, 458, 266, 138, 906]
[394, 393, 399, 387, 411, 427, 459, 267, 139, 907]
[397, 398, 392, 388, 412, 428, 460, 268, 140, 908]
[396, 399, 393, 389, 413, 429, 461, 269, 141, 909]
[399, 396, 394, 390, 414, 430, 462, 270, 142, 910]
[398, 397, 395, 391, 415, 431, 463, 271, 143, 911]
[401, 402, 404, 408, 384, 432, 464, 272, 144, 912]
[400, 403, 405, 409, 385, 433, 465, 273, 145, 913]
[403, 400, 406, 410, 386, 434, 466, 274, 146, 914]
[402, 401, 407, 411, 387, 435, 467, 275, 147, 915]
[405, 406, 400, 412, 388, 436, 468, 276, 148, 916]
[404, 407, 401, 413, 389, 437, 469, 277, 149, 917]
[407, 404, 402, 414, 390, 438, 470, 278, 150, 918]
[406, 405, 403, 415, 391, 439, 471, 279, 151, 919]
[409, 410, 412, 400, 392, 440, 472, 280, 152, 920]
[408, 411, 413, 401, 393, 441, 473, 281, 153, 921]
[411, 408, 414, 402, 394, 442, 474, 282, 154, 922]
[410, 409, 415, 403, 395, 443, 475, 283, 155, 923]
[413, 414, 408, 404, 396, 444, 476, 284, 156, 924]
[412, 415, 409, 405, 397, 445, 477, 285, 157, 925]
[415, 412, 410, 406, 398, 446, 478, 286, 158, 926]
[414, 413, 411, 407, 399, 447, 479, 287, 159, 927]
[417, 418, 420, 424, 432, 384, 480, 288, 160, 928]
[416, 419, 421, 425, 433, 385, 481, 289, 161, 929]
[419, 416, 422, 426, 434, 386, 482, 290, 162, 930]
[418, 417, 423, 427, 435, 387, 483, 291, 163, 931]
[421, 422, 416, 428, 436, 388, 484, 292, 164, 932]
[420, 423, 417, 429, 437, 389, 485, 293, 165, 933]
[423, 420, 418, 430, 438, 390, 486, 294, 166, 934]
[422, 421, 419, 431, 439, 391, 487, 295, 167, 935]
[425, 426, 428, 416, 440, 392, 488, 296, 168, 936]
[424, 427, 429, 417, 441, 393, 489, 297, 169, 937]
[427, 424, 430, 418, 442, 394, 490, 298, 170, 938]
[426, 425, 431, 419, 443, 395, 491, 299, 171, 939]
[429, 430, 424, 420, 444, 396, 492, 300, 172, 940]
[428, 431, 425, 421, 445, 397, 493, 301, 173, 941]
[431, 428, 426, 422, 446, 398, 494, 302, 174, 942]
[430, 429, 427, 423, 447, 399, 495, 303, 175, 943]
[433, 434, 436, 440, 416, 400, 496, 304, 176, 944]
[432, 435, 437, 441, 417, 401, 497, 305, 177, 945]
[435, 432, 438, 442, 418, 402, 498, 306, 178, 946]
[434, 433, 439, 443, 419, 403, 499, 307, 179, 947]
[437, 438, 432, 444, 420, 404, 500, 308, 180, 948]
[436, 439, 433, 445, 421, 405, 501, 309, 181, 949]
[439, 436, 434, 446, 422, 406, 502, 310, 182, 950]
[438, 437, 435, 447, 423, 407, 503, 311, 183, 951]
[441, 442, 444, 432, 424, 408, 504, 312, 184, 952]
[440, 443, 445, 433, 425, 409, 505, 313, 185, 953]
[443, 440, 446, 434, 426, 410, 506, 314, 186, 954]
[442, 441, 447, 435, 427, 411, 507, 315, 187, 955]
[445, 446, 440, 436, 428, 412, 508, 316, 188, 956]
[444, 447, 441, 437, 429, 413, 509, 317, 189, 957]
[447, 444, 442, 438, 430, 414, 510, 318, 190, 958]
[446, 445, 443, 439, 431, 415, 511, 319, 191, 959]
[449, 450, 452, 456, 464, 480, 384, 320, 192, 960]
[448, 451, 453, 457, 465, 481, 385, 321, 193, 961]
[451, 448, 454, 458, 466, 482, 386, 322, 194, 962]
[450, 449, 455, 459, 467, 483, 387, 323, 195, 963]
[453, 454, 448, 460, 468, 484, 388, 324, 196, 964]
[452, 455, 449, 461, 469, 485, 389, 325, 197, 965]
[455, 452, 450, 462, 470, 486, 390, 326, 198, 966]
[454, 453, 451, 463, 471, 487, 391, 327, 199, 967]
[457, 458, 460, 448, 472, 488, 392, 328, 200, 968]
[456, 459, 461, 449, 473, 489, 393, 329, 201, 969]
[459, 456, 462, 450, 474, 490, 394, 330, 202, 970]
[458, 457, 463, 451, 475, 491, 395, 331, 203, 971]
[461, 462, 456, 452, 476, 492, 396, 332, 204, 972]
[460, 463, 457, 453, 477, 493, 397, 333, 205, 973]
[463, 460, 458, 454, 478, 494, 398, 334, 206, 974]
[462, 461, 459, 455, 479, 495, 399, 335, 207, 975]
[465, 466, 468, 472, 448, 496, 400, 336, 208, 976]
[464, 467, 469, 473, 449, 497, 401, 337, 209, 977]
[467, 464, 470, 474, 450, 498, 402, 338, 210, 978]
[466, 465, 471, 475, 451, 499, 403, 339, 211, 979]
[469, 470, 464, 476, 452, 500, 404, 340, 212, 980]
[468, 471, 465, 477, 453, 501, 405, 341, 213, 981]
[471, 468, 466, 478, 454, 502, 406, 342, 214, 982]
[470, 469, 467, 479, 455, 503, 407, 343, 215, 983]
[473, 474, 476, 464, 456, 504, 408, 344, 216, 984]
[472, 475, 477, 465, 457, 505, 409, 345, 217, 985]
[475, 472, 478, 466, 458, 506, 410, 346, 218, 986]
[474, 473, 479, 467, 459, 507, 411, 347, 219, 987]
[477, 478, 472, 468, 460, 508, 412, 348, 220, 988]
[476, 479, 473, 469, 461, 509, 413, 349, 221, 989]
[479, 476, 474, 470, 462, 510, 414, 350, 222, 990]
[478, 477, 475, 471, 463, 511, 415, 351, 223, 991]
[481, 482, 484, 488, 496, 448, 416, 352, 224, 992]
[480, 483, 485, 489, 497, 449, 417, 353, 225, 993]
[483, 480, 486, 490, 498, 450, 418, 354, 226, 994]
[482, 481, 487, 491, 499, 451, 419, 355, 227, 995]
[485, 486, 480, 492, 500, 452, 420, 356, 228, 996]
[484, 487, 481, 493, 501, 453, 421, 357, 229, 997]
[487, 484, 482, 494, 502, 454, 422, 358, 230, 998]
[486, 485, 483, 495, 503, 455, 423, 359, 231, 999]
[489, 490, 492, 480, 504, 456, 424, 360, 232]
[488, 491, 493, 481, 505, 457, 425, 361, 233]
[491, 488, 494, 482, 506, 458, 426, 362, 234]
[490, 489, 495, 483, 507, 459, 427, 363, 235]
[493, 494, 488, 484, 508, 460, 428, 364, 236]
[492, 495, 489, 485, 509, 461, 429, 365, 237]
[495, 492, 490, 486, 510, 462, 430, 366, 238]
[494, 493, 491, 487, 511, 463, 431, 367, 239]
[497, 498, 500, 504, 480, 464, 432, 368, 240]
[496, 499, 501, 505, 481, 465, 433, 369, 241]
[499, 496, 502, 506, 482, 466, 434, 370, 242]
[498, 497, 503, 507, 483, 467, 435, 371, 243]
[501, 502, 496, 508, 484, 468, 436, 372, 244]
[500, 503, 497, 509, 485, 469, 437, 373, 245]
[503, 500, 498, 510, 486, 470, 438, 374, 246]
[502, 501, 499, 511, 487, 471, 439, 375, 247]
[505, 506, 508, 496, 488, 472, 440, 376, 248]
[504, 507, 509, 497, 489, 473, 441, 377, 249]
[507, 504, 510, 498, 490, 474, 442, 378, 250]
[506, 505, 511, 499, 491, 475, 443, 379, 251]
[509, 510, 504, 500, 492, 476, 444, 380, 252]
[508, 511, 505, 501, 493, 477, 445, 381, 253]
[511, 508, 506, 502, 494, 478, 446, 382, 254]
[510, 509, 507, 503, 495, 479, 447, 383, 255]
[513, 514, 516, 520, 528, 544, 576, 640, 768]
[512, 515, 517, 521, 529, 545, 577, 641, 769, 1]
[515, 512, 518, 522, 530, 546, 578, 642, 770, 2]
[514, 513, 519, 523, 531, 547, 579, 643, 771, 3]
[517, 518, 512, 524, 532, 548, 580, 644, 772, 4]
[516, 519, 513, 525, 533, 549, 581, 645, 773, 5]
[519, 516, 514, 526, 534, 550, 582, 646, 774, 6]
[518, 517, 515, 527, 535, 551, 583, 647, 775, 7]
[521, 522, 524, 512, 536, 552, 584, 648, 776, 8]
[520, 523, 525, 513, 537, 553, 585, 649, 777, 9]
[523, 520, 526, 514, 538, 554, 586, 650, 778, 10]
[522, 521, 527, 515, 539, 555, 587, 651, 779, 11]
[525, 526, 520, 516, 540, 556, 588, 652, 780, 12]
[524, 527, 521, 517, 541, 557, 589, 653, 781, 13]
[527, 524, 522, 518, 542, 558, 590, 654, 782, 14]
[526, 525, 523, 519, 543, 559, 591, 655, 783, 15]
[529, 530, 532, 536, 512, 560, 592, 656, 784, 16]
[528, 531, 533, 537, 513, 561, 593, 657, 785, 17]
[531, 528, 534, 538, 514, 562, 594, 658, 786, 18]
[530, 529, 535, 539, 515, 563, 595, 659, 787, 19]
[533, 534, 528, 540, 516, 564, 596, 660, 788, 20]
[532, 535, 529, 541, 517, 565, 597, 661, 789, 21]
[535, 532, 530, 542, 518, 566, 598, 662, 790, 22]
[534, 533, 531, 543, 519, 567, 599, 663, 791, 23]
[537, 538, 540, 528, 520, 568, 600, 664, 792, 24]
[536, 539, 541, 529, 521, 569, 601, 665, 793, 25]
[539, 536, 542, 530, 522, 570, 602, 666, 794, 26]
[538, 537, 543, 531, 523, 571, 603, 667, 795, 27]
[541, 542, 536, 532, 524, 572, 604, 668, 796, 28]
[540, 543, 537, 533, 525, 573, 605, 669, 797, 29]
[543, 540, 538, 534, 526, 574, 606, 670, 798, 30]
[542, 541, 539, 535, 527, 575, 607, 671, 799, 31]
[545, 546, 548, 552, 560, 512, 608, 672, 800, 32]
[544, 547, 549, 553, 561, 513, 609, 673, 801, 33]
[547, 544, 550, 554, 562, 514, 610, 674, 802, 34]
[546, 545, 551, 555, 563, 515, 611, 675, 803, 35]
[549, 550, 544, 556, 564, 516, 612, 676, 804, 36]
[548, 551, 545, 557, 565, 517, 613, 677, 805, 37]
[551, 548, 546, 558, 566, 518, 614, 678, 806, 38]
[550, 549, 547, 559, 567, 519, 615, 679, 807, 39]
[553, 554, 556, 544, 568, 520, 616, 680, 808, 40]
[552, 555, 557, 545, 569, 521, 617, 681, 809, 41]
[555, 552, 558, 546, 570, 522, 618, 682, 810, 42]
[554, 553, 559, 547, 571, 523, 619, 683, 811, 43]
[557, 558, 552, 548, 572, 524, 620, 684, 812, 44]
[556, 559, 553, 549, 573, 525, 621, 685, 813, 45]
[559, 556, 554, 550, 574, 526, 622, 686, 814, 46]
[558, 557, 555, 551, 575, 527, 623, 687, 815, 47]
[561, 562, 564, 568, 544, 528, 624, 688, 816, 48]
[560, 563, 565, 569, 545, 529, 625, 689, 817, 49]
[563, 560, 566, 570, 546, 530, 626, 690, 818, 50]
[562, 561, 567, 571, 547, 531, 627, 691, 819, 51]
[565, 566, 560, 572, 548, 532, 628, 692, 820, 52]
[564, 567, 561, 573, 549, 533, 629, 693, 821, 53]
[567, 564, 562, 574, 550, 534, 630, 694, 822, 54]
[566, 565, 563, 575, 551, 535, 631, 695, 823, 55]
[569, 570, 572, 560, 552, 536, 632, 696, 824, 56]
[568, 571, 573, 561, 553, 537, 633, 697, 825, 57]
[571, 568, 574, 562, 554, 538, 634, 698, 826, 58]
[570, 569, 575, 563, 555, 539, 635, 699, 827, 59]
[573, 574, 568, 564, 556, 540, 636, 700, 828, 60]
[572, 575, 569, 565, 557, 541, 637, 701, 829, 61]
[575, 572, 570, 566, 558, 542, 638, 702, 830, 62]
[574, 573, 571, 567, 559, 543, 639, 703, 831, 63]
[577, 578, 580, 584, 592, 608, 512, 704, 832, 64]
[576, 579, 581, 585, 593, 609, 513, 705, 833, 65]
[579, 576, 582, 586, 594, 610, 514, 706, 834, 66]
[578, 577, 583, 587, 595, 611, 515, 707, 835, 67]
[581, 582, 576, 588, 596, 612, 516, 708, 836, 68]
[580, 583, 577, 589, 597, 613, 517, 709, 837, 69]
[583, 580, 578, 590, 598, 614, 518, 710, 838, 70]
[582, 581, 579, 591, 599, 615, 519, 711, 839, 71]
[585, 586, 588, 576, 600, 616, 520, 712, 840, 72]
[584, 587, 589, 577, 601, 617, 521, 713, 841, 73]
[587, 584, 590, 578, 602, 618, 522, 714, 842, 74]
[586, 585, 591, 579, 603, 619, 523, 715, 843, 75]
[589, 590, 584, 580, 604, 620, 524, 716, 844, 76]
[588, 591, 585, 581, 605, 621, 525, 717, 845, 77]
[591, 588, 586, 582, 606, 622, 526, 718, 846, 78]
[590, 589, 587, 583, 607, 623, 527, 719, 847, 79]
[593, 594, 596, 600, 576, 624, 528, 720, 848, 80]
[592, 595, 597, 601, 577, 625, 529, 721, 849, 81]
[595, 592, 598, 602, 578, 626, 530, 722, 850, 82]
[594, 593, 599, 603, 579, 627, 531, 723, 851, 83]
[597, 598, 592, 604, 580, 628, 532, 724, 852, 84]
[596, 599, 593, 605, 581, 629, 533, 725, 853, 85]
[599, 596, 594, 606, 582, 630, 534, 726, 854, 86]
[598, 597, 595, 607, 583, 631, 535, 727, 855, 87]
[601, 602, 604, 592, 584, 632, 536, 728, 856, 88]
[600, 603, 605, 593, 585, 633, 537, 729, 857, 89]
[603, 600, 606, 594, 586, 634, 538, 730, 858, 90]
[602, 601, 607, 595, 587, 635, 539, 731, 859, 91]
[605, 606, 600, 596, 588, 636, 540, 732, 860, 92]
[604, 607, 601, 597, 589, 637, 541, 733, 861, 93]
[607, 604, 602, 598, 590, 638, 542, 734, 862, 94]
[606, 605, 603, 599, 591, 639, 543, 735, 863, 95]
[609, 610, 612, 616, 624, 576, 544, 736, 864, 96]
[608, 611, 613, 617, 625, 577, 545, 737, 865, 97]
[611, 608, 614, 618, 626, 578, 546, 738, 866, 98]
[610, 609, 615, 619, 627, 579, 547, 739, 867, 99]
[613, 614, 608, 620, 628, 580, 548, 740, 868, 100]
[612, 615, 609, 621, 629, 581, 549, 741, 869, 101]
[615, 612, 610, 622, 630, 582, 550, 742, 870, 102]
[614, 613, 611, 623, 631, 583, 551, 743, 871, 103]
[617, 618, 620, 608, 632, 584, 552, 744, 872, 104]
[616, 619, 621, 609, 633, 585, 553, 745, 873, 105]
[619, 616, 622, 610, 634, 586, 554, 746, 874, 106]
[618, 617, 623, 611, 635, 587, 555, 747, 875, 107]
[621, 622, 616, 612, 636, 588, 556, 748, 876, 108]
[620, 623, 617, 613, 637, 589, 557, 749, 877, 109]
[623, 620, 618, 614, 638, 590, 558, 750, 878, 110]
[622, 621, 619, 615, 639, 591, 559, 751, 879, 111]
[625, 626, 628, 632, 608, 592, 560, 752, 880, 112]
[624, 627, 629, 633, 609, 593, 561, 753, 881, 113]
[627, 624, 630, 634, 610, 594, 562, 754, 882, 114]
[626, 625, 631, 635, 611, 595, 563, 755, 883, 115]
[629, 630, 624, 636, 612, 596, 564, 756, 884, 116]
[628, 631, 625, 637, 613, 597, 565, 757, 885, 117]
[631, 628, 626, 638, 614, 598, 566, 758, 886, 118]
[630, 629, 627, 639, 615, 599, 567, 759, 887, 119]
[633, 634, 636, 624, 616, 600, 568, 760, 888, 120]
[632, 635, 637, 625, 617, 601, 569, 761, 889, 121]
[635, 632, 638, 626, 618, 602, 570, 762, 890, 122]
[634, 633, 639, 627, 619, 603, 571, 763, 891, 123]
[637, 638, 632, 628, 620, 604, 572, 764, 892, 124]
[636, 639, 633, 629, 621, 605, 573, 765, 893, 125]
[639, 636, 634, 630, 622, 606, 574, 766, 894, 126]
[638, 637, 635, 631, 623, 607, 575, 767, 895, 127]
[641, 642, 644, 648, 656, 672, 704, 512, 896, 128]
[640, 643, 645, 649, 657, 673, 705, 513, 897, 129]
[643, 640, 646, 650, 658, 674, 706, 514, 898, 130]
[642, 641, 647, 651, 659, 675, 707, 515, 899, 131]
[645, 646, 640, 652, 660, 676, 708, 516, 900, 132]
[644, 647, 641, 653, 661, 677, 709, 517, 901, 133]
[647, 644, 642, 654, 662, 678, 710, 518, 902, 134]
[646, 645, 643, 655, 663, 679, 711, 519, 903, 135]
[649, 650, 652, 640, 664, 680, 712, 520, 904, 136]
[648, 651, 653, 641, 665, 681, 713, 521, 905, 137]
[651, 648, 654, 642, 666, 682, 714, 522, 906, 138]
[650, 649, 655, 643, 667, 683, 715, 523, 907, 139]
[653, 654, 648, 644, 668, 684, 716, 524, 908, 140]
[652, 655, 649, 645, 669, 685, 717, 525, 909, 141]
[655, 652, 650, 646, 670, 686, 718, 526, 910, 142]
[654, 653, 651, 647, 671, 687, 719, 527, 911, 143]
[657, 658, 660, 664, 640, 688, 720, 528, 912, 144]
[656, 659, 661, 665, 641, 689, 721, 529, 913, 145]
[659, 656, 662, 666, 642, 690, 722, 530, 914, 146]
[658, 657, 663, 667, 643, 691, 723, 531, 915, 147]
[661, 662, 656, 668, 644, 692, 724, 532, 916, 148]
[660, 663, 657, 669, 645, 693, 725, 533, 917, 149]
[663, 660, 658, 670, 646, 694, 726, 534, 918, 150]
[662, 661, 659, 671, 647, 695, 727, 535, 919, 151]
[665, 666, 668, 656, 648, 696, 728, 536, 920, 152]
[664, 667, 669, 657, 649, 697, 729, 537, 921, 153]
[667, 664, 670, 658, 650, 698, 730, 538, 922, 154]
[666, 665, 671, 659, 651, 699, 731, 539, 923, 155]
[669, 670, 664, 660, 652, 700, 732, 540, 924, 156]
[668, 671, 665, 661, 653, 701, 733, 541, 925, 157]
[671, 668, 666, 662, 654, 702, 734, 542, 926, 158]
[670, 669, 667, 663, 655, 703, 735, 543, 927, 159]
[673, 674, 676, 680, 688, 640, 736, 544, 928, 160]
[672, 675, 677, 681, 689, 641, 737, 545, 929, 161]
[675, 672, 678, 682, 690, 642, 738, 546, 930, 162]
[674, 673, 679, 683, 691, 643, 739, 547, 931, 163]
[677, 678, 672, 684, 692, 644, 740, 548, 932, 164]
[676, 679, 673, 685, 693, 645, 741, 549, 933, 165]
[679, 676, 674, 686, 694, 646, 742, 550, 934, 166]
[678, 677, 675, 687, 695, 647, 743, 551, 935, 167]
[681, 682, 684, 672, 696, 648, 744, 552, 936, 168]
[680, 683, 685, 673, 697, 649, 745, 553, 937, 169]
[683, 680, 686, 674, 698, 650, 746, 554, 938, 170]
[682, 681, 687, 675, 699, 651, 747, 555, 939, 171]
[685, 686, 680, 676, 700, 652, 748, 556, 940, 172]
[684, 687, 681, 677, 701, 653, 749, 557, 941, 173]
[687, 684, 682, 678, 702, 654, 750, 558, 942, 174]
[686, 685, 683, 679, 703, 655, 751, 559, 943, 175]
[689, 690, 692, 696, 672, 656, 752, 560, 944, 176]
[688, 691, 693, 697, 673, 657, 753, 561, 945, 177]
[691, 688, 694, 698, 674, 658, 754, 562, 946, 178]
[690, 689, 695, 699, 675, 659, 755, 563, 947, 179]
[693, 694, 688, 700, 676, 660, 756, 564, 948, 180]
[692, 695, 689, 701, 677, 661, 757, 565, 949, 181]
[695, 692, 690, 702, 678, 662, 758, 566, 950, 182]
[694, 693, 691, 703, 679, 663, 759, 567, 951, 183]
[697, 698, 700, 688, 680, 664, 760, 568, 952, 184]
[696, 699, 701, 689, 681, 665, 761, 569, 953, 185]
[699, 696, 702, 690, 682, 666, 762, 570, 954, 186]
[698, 697, 703, 691, 683, 667, 763, 571, 955, 187]
[701, 702, 696, 692, 684, 668, 764, 572, 956, 188]
[700, 703, 697, 693, 685, 669, 765, 573, 957, 189]
[703, 700, 698, 694, 686, 670, 766, 574, 958, 190]
[702, 701, 699, 695, 687, 671, 767, 575, 959, 191]
[705, 706, 708, 712, 720, 736, 640, 576, 960, 192]
[704, 707, 709, 713, 721, 737, 641, 577, 961, 193]
[707, 704, 710, 714, 722, 738, 642, 578, 962, 194]
[706, 705, 711, 715, 723, 739, 643, 579, 963, 195]
[709, 710, 704, 716, 724, 740, 644, 580, 964, 196]
[708, 711, 705, 717, 725, 741, 645, 581, 965, 197]
[711, 708, 706, 718, 726, 742, 646, 582, 966, 198]
[710, 709, 707, 719, 727, 743, 647, 583, 967, 199]
[713, 714, 716, 704, 728, 744, 648, 584, 968, 200]
[712, 715, 717, 705, 729, 745, 649, 585, 969, 201]
[715, 712, 718, 706, 730, 746, 650, 586, 970, 202]
[714, 713, 719, 707, 731, 747, 651, 587, 971, 203]
[717, 718, 712, 708, 732, 748, 652, 588, 972, 204]
[716, 719, 713, 709, 733, 749, 653, 589, 973, 205]
[719, 716, 714, 710, 734, 750, 654, 590, 974, 206]
[718, 717, 715, 711, 735, 751, 655, 591, 975, 207]
[721, 722, 724, 728, 704, 752, 656, 592, 976, 208]
[720, 723, 725, 729, 705, 753, 657, 593, 977, 209]
[723, 720, 726, 730, 706, 754, 658, 594, 978, 210]
[722, 721, 727, 731, 707, 755, 659, 595, 979, 211]
[725, 726, 720, 732, 708, 756, 660, 596, 980, 212]
[724, 727, 721, 733, 709, 757, 661, 597, 981, 213]
[727, 724, 722, 734, 710, 758, 662, 598, 982, 214]
[726, 725, 723, 735, 711, 759, 663, 599, 983, 215]
[729, 730, 732, 720, 712, 760, 664, 600, 984, 216]
[728, 731, 733, 721, 713, 761, 665, 601, 985, 217]
[731, 728, 734, 722, 714, 762, 666, 602, 986, 218]
[730, 729, 735, 723, 715, 763, 667, 603, 987, 219]
[733, 734, 728, 724, 716, 764, 668, 604, 988, 220]
[732, 735, 729, 725, 717, 765, 669, 605, 989, 221]
[735, 732, 730, 726, 718, 766, 670, 606, 990, 222]
[734, 733, 731, 727, 719, 767, 671, 607, 991, 223]
[737, 738, 740, 744, 752, 704, 672, 608, 992, 224]
[736, 739, 741, 745, 753, 705, 673, 609, 993, 225]
[739, 736, 742, 746, 754, 706, 674, 610, 994, 226]
[738, 737, 743, 747, 755, 707, 675, 611, 995, 227]
[741, 742, 736, 748, 756, 708, 676, 612, 996, 228]
[740, 743, 737, 749, 757, 709, 677, 613, 997, 229]
[743, 740, 738, 750, 758, 710, 678, 614, 998, 230]
[742, 741, 739, 751, 759, 711, 679, 615, 999, 231]
[745, 746, 748, 736, 760, 712, 680, 616, 232]
[744, 747, 749, 737, 761, 713, 681, 617, 233]
[747, 744, 750, 738, 762, 714, 682, 618, 234]
[746, 745, 751, 739, 763, 715, 683, 619, 235]
[749, 750, 744, 740, 764, 716, 684, 620, 236]
[748, 751, 745, 741, 765, 717, 685, 621, 237]
[751, 748, 746, 742, 766, 718, 686, 622, 238]
[750, 749, 747, 743, 767, 719, 687, 623, 239]
[753, 754, 756, 760, 736, 720, 688, 624, 240]
[752, 755, 757, 761, 737, 721, 689, 625, 241]
[755, 752, 758, 762, 738, 722, 690, 626, 242]
[754, 753, 759, 763, 739, 723, 691, 627, 243]
[757, 758, 752, 764, 740, 724, 692, 628, 244]
[756, 759, 753, 765, 741, 725, 693, 629, 245]
[759, 756, 754, 766, 742, 726, 694, 630, 246]
[758, 757, 755, 767, 743, 727, 695, 631, 247]
[761, 762, 764, 752, 744, 728, 696, 632, 248]
[760, 763, 765, 753, 745, 729, 697, 633, 249]
[763, 760, 766, 754, 746, 730, 698, 634, 250]
[762, 761, 767, 755, 747, 731, 699, 635, 251]
[765, 766, 760, 756, 748, 732, 700, 636, 252]
[764, 767, 761, 757, 749, 733, 701, 637, 253]
[767, 764, 762, 758, 750, 734, 702, 638, 254]
[766, 765, 763, 759, 751, 735, 703, 639, 255]
[769, 770, 772, 776, 784, 800, 832, 896, 512, 256]
[768, 771, 773, 777, 785, 801, 833, 897, 513, 257]
[771, 768, 774, 778, 786, 802, 834, 898, 514, 258]
[770, 769, 775, 779, 787, 803, 835, 899, 515, 259]
[773, 774, 768, 780, 788, 804, 836, 900, 516, 260]
[772, 775, 769, 781, 789, 805, 837, 901, 517, 261]
[775, 772, 770, 782, 790, 806, 838, 902, 518, 262]
[774, 773, 771, 783, 791, 807, 839, 903, 519, 263]
[777, 778, 780, 768, 792, 808, 840, 904, 520, 264]
[776, 779, 781, 769, 793, 809, 841, 905, 521, 265]
[779, 776, 782, 770, 794, 810, 842, 906, 522, 266]
[778, 777, 783, 771, 795, 811, 843, 907, 523, 267]
[781, 782, 776, 772, 796, 812, 844, 908, 524, 268]
[780, 783, 777, 773, 797, 813, 845, 909, 525, 269]
[783, 780, 778, 774, 798, 814, 846, 910, 526, 270]
[782, 781, 779, 775, 799, 815, 847, 911, 527, 271]
[785, 786, 788, 792, 768, 816, 848, 912, 528, 272]
[784, 787, 789, 793, 769, 817, 849, 913, 529, 273]
[787, 784, 790, 794, 770, 818, 850, 914, 530, 274]
[786, 785, 791, 795, 771, 819, 851, 915, 531, 275]
[789, 790, 784, 796, 772, 820, 852, 916, 532, 276]
[788, 791, 785, 797, 773, 821, 853, 917, 533, 277]
[791, 788, 786, 798, 774, 822, 854, 918, 534, 278]
[790, 789, 787, 799, 775, 823, 855, 919, 535, 279]
[793, 794, 796, 784, 776, 824, 856, 920, 536, 280]
[792, 795, 797, 785, 777, 825, 857, 921, 537, 281]
[795, 792, 798, 786, 778, 826, 858, 922, 538, 282]
[794, 793, 799, 787, 779, 827, 859, 923, 539, 283]
[797, 798, 792, 788, 780, 828, 860, 924, 540, 284]
[796, 799, 793, 789, 781, 829, 861, 925, 541, 285]
[799, 796, 794, 790, 782, 830, 862, 926, 542, 286]
[798, 797, 795, 791, 783, 831, 863, 927, 543, 287]
[801, 802, 804, 808, 816, 768, 864, 928, 544, 288]
[800, 803, 805, 809, 817, 769, 865, 929, 545, 289]
[803, 800, 806, 810, 818, 770, 866, 930, 546, 290]
[802, 801, 807, 811, 819, 771, 867, 931, 547, 291]
[805, 806, 800, 812, 820, 772, 868, 932, 548, 292]
[804, 807, 801, 813, 821, 773, 869, 933, 549, 293]
[807, 804, 802, 814, 822, 774, 870, 934, 550, 294]
[806, 805, 803, 815, 823, 775, 871, 935, 551, 295]
[809, 810, 812, 800, 824, 776, 872, 936, 552, 296]
[808, 811, 813, 801, 825, 777, 873, 937, 553, 297]
[811, 808, 814, 802, 826, 778, 874, 938, 554, 298]
[810, 809, 815, 803, 827, 779, 875, 939, 555, 299]
[813, 814, 808, 804, 828, 780, 876, 940, 556, 300]
[812, 815, 809, 805, 829, 781, 877, 941, 557, 301]
[815, 812, 810, 806, 830, 782, 878, 942, 558, 302]
[814, 813, 811, 807, 831, 783, 879, 943, 559, 303]
[817, 818, 820, 824, 800, 784, 880, 944, 560, 304]
[816, 819, 821, 825, 801, 785, 881, 945, 561, 305]
[819, 816, 822, 826, 802, 786, 882, 946, 562, 306]
[818, 817, 823, 827, 803, 787, 883, 947, 563, 307]
[821, 822, 816, 828, 804, 788, 884, 948, 564, 308]
[820, 823, 817, 829, 805, 789, 885, 949, 565, 309]
[823, 820, 818, 830, 806, 790, 886, 950, 566, 310]
[822, 821, 819, 831, 807, 791, 887, 951, 567, 311]
[825, 826, 828, 816, 808, 792, 888, 952, 568, 312]
[824, 827, 829, 817, 809, 793, 889, 953, 569, 313]
[827, 824, 830, 818, 810, 794, 890, 954, 570, 314]
[826, 825, 831, 819, 811, 795, 891, 955, 571, 315]
[829, 830, 824, 820, 812, 796, 892, 956, 572, 316]
[828, 831, 825, 821, 813, 797, 893, 957, 573, 317]
[831, 828, 826, 822, 814, 798, 894, 958, 574, 318]
[830, 829, 827, 823, 815, 799, 895, 959, 575, 319]
[833, 834, 836, 840, 848, 864, 768, 960, 576, 320]
[832, 835, 837, 841, 849, 865, 769, 961, 577, 321]
[835, 832, 838, 842, 850, 866, 770, 962, 578, 322]
[834, 833, 839, 843, 851, 867, 771, 963, 579, 323]
[837, 838, 832, 844, 852, 868, 772, 964, 580, 324]
[836, 839, 833, 845, 853, 869, 773, 965, 581, 325]
[839, 836, 834, 846, 854, 870, 774, 966, 582, 326]
[838, 837, 835, 847, 855, 871, 775, 967, 583, 327]
[841, 842, 844, 832, 856, 872, 776, 968, 584, 328]
[840, 843, 845, 833, 857, 873, 777, 969, 585, 329]
[843, 840, 846, 834, 858, 874, 778, 970, 586, 330]
[842, 841, 847, 835, 859, 875, 779, 971, 587, 331]
[845, 846, 840, 836, 860, 876, 780, 972, 588, 332]
[844, 847, 841, 837, 861, 877, 781, 973, 589, 333]
[847, 844, 842, 838, 862, 878, 782, 974, 590, 334]
[846, 845, 843, 839, 863, 879, 783, 975, 591, 335]
[849, 850, 852, 856, 832, 880, 784, 976, 592, 336]
[848, 851, 853, 857, 833, 881, 785, 977, 593, 337]
[851, 848, 854, 858, 834, 882, 786, 978, 594, 338]
[850, 849, 855, 859, 835, 883, 787, 979, 595, 339]
[853, 854, 848, 860, 836, 884, 788, 980, 596, 340]
[852, 855, 849, 861, 837, 885, 789, 981, 597, 341]
[855, 852, 850, 862, 838, 886, 790, 982, 598, 342]
[854, 853, 851, 863, 839, 887, 791, 983, 599, 343]
[857, 858, 860, 848, 840, 888, 792, 984, 600, 344]
[856, 859, 861, 849, 841, 889, 793, 985, 601, 345]
[859, 856, 862, 850, 842, 890, 794, 986, 602, 346]
[858, 857, 863, 851, 843, 891, 795, 987, 603, 347]
[861, 862, 856, 852, 844, 892, 796, 988, 604, 348]
[860, 863, 857, 853, 845, 893, 797, 989, 605, 349]
[863, 860, 858, 854, 846, 894, 798, 990, 606, 350]
[862, 861, 859, 855, 847, 895, 799, 991, 607, 351]
[865, 866, 868, 872, 880, 832, 800, 992, 608, 352]
[864, 867, 869, 873, 881, 833, 801, 993, 609, 353]
[867, 864, 870, 874, 882, 834, 802, 994, 610, 354]
[866, 865, 871, 875, 883, 835, 803, 995, 611, 355]
[869, 870, 864, 876, 884, 836, 804, 996, 612, 356]
[868, 871, 865, 877, 885, 837, 805, 997, 613, 357]
[871, 868, 866, 878, 886, 838, 806, 998, 614, 358]
[870, 869, 867, 879, 887, 839, 807, 999, 615, 359]
[873, 874, 876, 864, 888, 840, 808, 616, 360]
[872, 875, 877, 865, 889, 841, 809, 617, 361]
[875, 872, 878, 866, 890, 842, 810, 618, 362]
[874, 873, 879, 867, 891, 843, 811, 619, 363]
[877, 878, 872, 868, 892, 844, 812, 620, 364]
[876, 879, 873, 869, 893, 845, 813, 621, 365]
[879, 876, 874, 870, 894, 846, 814, 622, 366]
[878, 877, 875, 871, 895, 847, 815, 623, 367]
[881, 882, 884, 888, 864, 848, 816, 624, 368]
[880, 883, 885, 889, 865, 849, 817, 625, 369]
[883, 880, 886, 890, 866, 850, 818, 626, 370]
[882, 881, 887, 891, 867, 851, 819, 627, 371]
[885, 886, 880, 892, 868, 852, 820, 628, 372]
[884, 887, 881, 893, 869, 853, 821, 629, 373]
[887, 884, 882, 894, 870, 854, 822, 630, 374]
[886, 885, 883, 895, 871, 855, 823, 631, 375]
[889, 890, 892, 880, 872, 856, 824, 632, 376]
[888, 891, 893, 881, 873, 857, 825, 633, 377]
[891, 888, 894, 882, 874, 858, 826, 634, 378]
[890, 889, 895, 883, 875, 859, 827, 635, 379]
[893, 894, 888, 884, 876, 860, 828, 636, 380]
[892, 895, 889, 885, 877, 861, 829, 637, 381]
[895, 892, 890, 886, 878, 862, 830, 638, 382]
[894, 893, 891, 887, 879, 863, 831, 639, 383]
[897, 898, 900, 904, 912, 928, 960, 768, 640, 384]
[896, 899, 901, 905, 913, 929, 961, 769, 641, 385]
[899, 896, 902, 906, 914, 930, 962, 770, 642, 386]
[898, 897, 903, 907, 915, 931, 963, 771, 643, 387]
[901, 902, 896, 908, 916, 932, 964, 772, 644, 388]
[900, 903, 897, 909, 917, 933, 965, 773, 645, 389]
[903, 900, 898, 910, 918, 934, 966, 774, 646, 390]
[902, 901, 899, 911, 919, 935, 967, 775, 647, 391]
[905, 906, 908, 896, 920, 936, 968, 776, 648, 392]
[904, 907, 909, 897, 921, 937, 969, 777, 649, 393]
[907, 904, 910, 898, 922, 938, 970, 778, 650, 394]
[906, 905, 911, 899, 923, 939, 971, 779, 651, 395]
[909, 910, 904, 900, 924, 940, 972, 780, 652, 396]
[908, 911, 905, 901, 925, 941, 973, 781, 653, 397]
[911, 908, 906, 902, 926, 942, 974, 782, 654, 398]
[910, 909, 907, 903, 927, 943, 975, 783, 655, 399]
[913, 914, 916, 920, 896, 944, 976, 784, 656, 400]
[912, 915, 917, 921, 897, 945, 977, 785, 657, 401]
[915, 912, 918, 922, 898, 946, 978, 786, 658, 402]
[914, 913, 919, 923, 899, 947, 979, 787, 659, 403]
[917, 918, 912, 924, 900, 948, 980, 788, 660, 404]
[916, 919, 913, 925, 901, 949, 981, 789, 661, 405]
[919, 916, 914, 926, 902, 950, 982, 790, 662, 406]
[918, 917, 915, 927, 903, 951, 983, 791, 663, 407]
[921, 922, 924, 912, 904, 952, 984, 792, 664, 408]
[920, 923, 925, 913, 905, 953, 985, 793, 665, 409]
[923, 920, 926, 914, 906, 954, 986, 794, 666, 410]
[922, 921, 927, 915, 907, 955, 987, 795, 667, 411]
[925, 926, 920, 916, 908, 956, 988, 796, 668, 412]
[924, 927, 921, 917, 909, 957, 989, 797, 669, 413]
[927, 924, 922, 918, 910, 958, 990, 798, 670, 414]
[926, 925, 923, 919, 911, 959, 991, 799, 671, 415]
[929, 930, 932, 936, 944, 896, 992, 800, 672, 416]
[928, 931, 933, 937, 945, 897, 993, 801, 673, 417]
[931, 928, 934, 938, 946, 898, 994, 802, 674, 418]
[930, 929, 935, 939, 947, 899, 995, 803, 675, 419]
[933, 934, 928, 940, 948, 900, 996, 804, 676, 420]
[932, 935, 929, 941, 949, 901, 997, 805, 677, 421]
[935, 932, 930, 942, 950, 902, 998, 806, 678, 422]
[934, 933, 931, 943, 951, 903, 999, 807, 679, 423]
[937, 938, 940, 928, 952, 904, 808, 680, 424]
[936, 939, 941, 929, 953, 905, 809, 681, 425]
[939, 936, 942, 930, 954, 906, 810, 682, 426]
[938, 937, 943, 931, 955, 907, 811, 683, 427]
[941, 942, 936, 932, 956, 908, 812, 684, 428]
[940, 943, 937, 933, 957, 909, 813, 685, 429]
[943, 940, 938, 934, 958, 910, 814, 686, 430]
[942, 941, 939, 935, 959, 911, 815, 687, 431]
[945, 946, 948, 952, 928, 912, 816, 688, 432]
[944, 947, 949, 953, 929, 913, 817, 689, 433]
[947, 944, 950, 954, 930, 914, 818, 690, 434]
[946, 945, 951, 955, 931, 915, 819, 691, 435]
[949, 950, 944, 956, 932, 916, 820, 692, 436]
[948, 951, 945, 957, 933, 917, 821, 693, 437]
[951, 948, 946, 958, 934, 918, 822, 694, 438]
[950, 949, 947, 959, 935, 919, 823, 695, 439]
[953, 954, 956, 944, 936, 920, 824, 696, 440]
[952, 955, 957, 945, 937, 921, 825, 697, 441]
[955, 952, 958, 946, 938, 922, 826, 698, 442]
[954, 953, 959, 947, 939, 923, 827, 699, 443]
[957, 958, 952, 948, 940, 924, 828, 700, 444]
[956, 959, 953, 949, 941, 925, 829, 701, 445]
[959, 956, 954, 950, 942, 926, 830, 702, 446]
[958, 957, 955, 951, 943, 927, 831, 703, 447]
[961, 962, 964, 968, 976, 992, 896, 832, 704, 448]
[960, 963, 965, 969, 977, 993, 897, 833, 705, 449]
[963, 960, 966, 970, 978, 994, 898, 834, 706, 450]
[962, 961, 967, 971, 979, 995, 899, 835, 707, 451]
[965, 966, 960, 972, 980, 996, 900, 836, 708, 452]
[964, 967, 961, 973, 981, 997, 901, 837, 709, 453]
[967, 964, 962, 974, 982, 998, 902, 838, 710, 454]
[966, 965, 963, 975, 983, 999, 903, 839, 711, 455]
[969, 970, 972, 960, 984, 904, 840, 712, 456]
[968, 971, 973, 961, 985, 905, 841, 713, 457]
[971, 968, 974, 962, 986, 906, 842, 714, 458]
[970, 969, 975, 963, 987, 907, 843, 715, 459]
[973, 974, 968, 964, 988, 908, 844, 716, 460]
[972, 975, 969, 965, 989, 909, 845, 717, 461]
[975, 972, 970, 966, 990, 910, 846, 718, 462]
[974, 973, 971, 967, 991, 911, 847, 719, 463]
[977, 978, 980, 984, 960, 912, 848, 720, 464]
[976, 979, 981, 985, 961, 913, 849, 721, 465]
[979, 976, 982, 986, 962, 914, 850, 722, 466]
[978, 977, 983, 987, 963, 915, 851, 723, 467]
[981, 982, 976, 988, 964, 916, 852, 724, 468]
[980, 983, 977, 989, 965, 917, 853, 725, 469]
[983, 980, 978, 990, 966, 918, 854, 726, 470]
[982, 981, 979, 991, 967, 919, 855, 727, 471]
[985, 986, 988, 976, 968, 920, 856, 728, 472]
[984, 987, 989, 977, 969, 921, 857, 729, 473]
[987, 984, 990, 978, 970, 922, 858, 730, 474]
[986, 985, 991, 979, 971, 923, 859, 731, 475]
[989, 990, 984, 980, 972, 924, 860, 732, 476]
[988, 991, 985, 981, 973, 925, 861, 733, 477]
[991, 988, 986, 982, 974, 926, 862, 734, 478]
[990, 989, 987, 983, 975, 927, 863, 735, 479]
[993, 994, 996, 960, 928, 864, 736, 480]
[992, 995, 997, 961, 929, 865, 737, 481]
[995, 992, 998, 962, 930, 866, 738, 482]
[994, 993, 999, 963, 931, 867, 739, 483]
[997, 998, 992, 964, 932, 868, 740, 484]
[996, 999, 993, 965, 933, 869, 741, 485]
[999, 996, 994, 966, 934, 870, 742, 486]
[998, 997, 995, 967, 935, 871, 743, 487]