01010101111000001001010110100111010100110110010000110011011101000100000101100100100000000010001001000111111000000010011011110001
00000001001100010110000110011101000011110111101001111111010100101010001001111011010000000101010110101100001100000101111010011010
00000010111110100111001111110100100110010100100111000001000011000001010111001011001000001000000110001110011110001001001001111001
10000100100010011101111000010011011111100011011101100010100111100010000101110011110100010100001111011011110011010110110111001110
01001011010101110101001100101111010000110111010101110100011100110101001001011110010010100010011001011010011111000110110101111010
10110011000001010000111111001001001001110101000001010010110111110000110110010011101100010101111110011001110001101110110001001001
10111111100010001001100001110110110111010000100010001100110100011001110111101110101110100001000011111111011011101010111010110111
10100000110101010111110011010110110101001001010101011111110010111111010100101010001010010010100110000001011010100000101000110100
00010001110000000100011111000110110000110110000000010000011100100001000011000001010001101100011111000010011000010001000101110011
10101011011000001010110001101110111001110111000000101000110111010010100111100010001011101110110001100101111100101010101001011111
10000011011100010000111011101010101111010101100001000101110101001100011100110101010010101010111011111001000111000000000110010000
01000111010110101001101010100000001001000001110010101001010000111110110111110000001100000000101010001110101101100000001111101001
00101101000110000111100000010000010110100011011100000110001001100010110100011000011110000001000001011010001101110000011000100110
01001100101111001100110000101000100110010111010110001111010111110100110010111100110011000010100010011001011101011000111101011111
00111111001001111111111001000101011111100101000111011001000100010011111100100111111111100100010101111110010100011101100100010001
11100001110111000000001110101000010000111000101101011110101010101110000111011100000000111010100001000011100010110101111010101010
10110011010101100000011010000100101001101101001100010010000000001011001101010110000001101000010010100110110100110001001000000000
00111111000001110000111001001011000111101100111110101101000000010011111100000111000011100100101100011110110011111010110100000001
11100001100011011001101110110011101100101111100010001100100000101110000110001101100110111011001110110010111110001000110010000010
10110011110111011111101010111110101111001000110101011111010001001011001111011101111110101011111010111100100011010101111101000100
00111110010101010000100000100010001001110101110000010001001010110011111001010101000010000010001000100111010111000001000100101011
11100011100000001001010001010101010111010001011000101010110000111110001110000000100101000101010101011101000101100010101011000011
00110110110000010110001010000000000101001010011101000000111001100011011011000001011000101000000000010100101001110100000011100110
01110110111000100111010001000000001000110001110100100001101111110111011011100010011101000100000000100011000111010010000110111111
01010110101101011101001010100000010101111011010011010011101000010101011010110101110100101010000001010111101101001101001110100001
00000110001100010100110000010000100001001011001111001110100100100000011000110001010011000001000010000100101100111100111010010010
00001111011110100011111000101001010010110011111001111010011011010000111101111010001111100010100101001011001111100111101001101101
10011001010010010110001101000110001100111110001111001001111011001001100101001001011000110100011000110011111000111100100111101100
01111110001101100111011100101111011111100011011001110111001011110111111000110110011101110010111101111110001101100111011100101111
01000011011101111101010111001001010000110111011111010101110010010100001101110111110101011100100101000011011101111101010111001001
00100111010101000100000101110110001001110101010001000001011101100010011101010100010000010111011000100111010101000100000101110110
01011101000000101010001001010111010111010000001010100010010101110101110100000010101000100101011101011101000000101010001001010111
00010100100001000001010110000101000101001000010000010101100001010001010010000100000101011000010100010100100001000001010110000101
10100011010010100010000111001000101000110100101000100001110010001010001101001010001000011100100010100011010010100010000111001000
00010111001100010101001101110101000101110011000101010011011101010001011100110001010100110111010100010111001100010101001101110101
10100101111110100000111101010000101001011111101000001111010100001010010111111010000011110101000010100101111110100000111101010000
00011001000010010001100100001001000110010000100100011001000010010001100100001001000110010000100100011001000010010001100100001001
10111110100101101011111010010110101111101001011010111110100101101011111010010110101111101001011010111110100101101011111010010110
00100010011001100010001001100110001000100110011000100010011001100010001001100110001000100110011000100010011001100010001001100110
01010101111111110101010111111111010101011111111101010101111111110101010111111111010101011111111101010101111111110101010111111111
00000001000000010000000100000001000000010000000100000001000000010000000100000001000000010000000100000001000000010000000100000001
10000010100000101000001010000010100000101000001010000010100000101000001010000010100000101000001010000010100000101000001010000010
01000100010001000100010001000100010001000100010001000100010001000100010001000100010001000100010001000100010001000100010001000100
10101010101010101010101010101010101010101010101010101010101010101010101010101010101010101010101010101010101010101010101010101010
00000000000000000000000000000000000000000000000000000000000000000000000000000000000000000000000000000000000000000000000000000000
